-0.053556 0.036631
-0.053456 0.044630
-0.053356 0.054104
-0.053256 0.065262
-0.053156 0.078328
-0.053056 0.093541
-0.052956 0.111152
-0.052856 0.131421
-0.052756 0.154609
-0.052656 0.180983
-0.052556 0.210798
-0.052456 0.244301
-0.052356 0.281717
-0.052256 0.323242
-0.052156 0.369039
-0.052056 0.419223
-0.051956 0.473856
-0.051856 0.532937
-0.051756 0.596395
-0.051656 0.664080
-0.051556 0.735759
-0.051456 0.811109
-0.051356 0.889716
-0.051256 0.971074
-0.051156 1.054585
-0.051056 1.139566
-0.050956 1.225253
-0.050856 1.310813
-0.050756 1.395353
-0.050656 1.477937
-0.050556 1.557602
-0.050456 1.633373
-0.050356 1.704288
-0.050256 1.769412
-0.050156 1.827862
-0.050056 1.878826
-0.049956 1.921579
-0.049856 1.955502
-0.049756 1.980100
-0.049656 1.995006
-0.049556 2.000000
-0.049456 1.995006
-0.049356 1.980100
-0.049256 1.955502
-0.049156 1.921579
-0.049056 1.878826
-0.048956 1.827862
-0.048856 1.769412
-0.048756 1.704288
-0.048656 1.633373
-0.048556 1.557602
-0.048456 1.477937
-0.048356 1.395353
-0.048256 1.310813
-0.048156 1.225253
-0.048056 1.139566
-0.047956 1.054585
-0.047856 0.971074
-0.047756 0.889716
-0.047656 0.811109
-0.047556 0.735759
-0.047456 0.664080
-0.047356 0.596395
-0.047256 0.532937
-0.047156 0.473856
-0.047056 0.419223
-0.046956 0.369039
-0.046856 0.323242
-0.046756 0.281717
-0.046656 0.244301
-0.046556 0.210798
-0.046456 0.180983
-0.046356 0.154609
-0.046256 0.131421
-0.046156 0.111152
-0.046056 0.093541
-0.045956 0.078328
-0.045856 0.065262
-0.045756 0.054104
-0.045656 0.044630
-0.045556 0.036631
-0.045456 0.029916
-0.045356 0.024310
-0.045256 0.019656
-0.045156 0.015814
-0.045056 0.012659
-0.044956 0.010084
-0.044856 0.007992
-0.044756 0.006302
-0.044656 0.004945
-0.044556 0.003861
-0.044456 0.002999
-0.044356 0.002318
-0.044256 0.001783
-0.044156 0.001365
-0.044056 0.001039
-0.043956 0.000787
-0.043856 0.000594
-0.043756 0.000445
-0.043656 0.000332
-0.043556 0.000247
-0.043456 0.000182
-0.043356 0.000134
-0.043256 0.000098
-0.043156 0.000071
-0.043056 0.000052
-0.042956 0.000037
-0.042856 0.000027
-0.042756 0.000019
-0.042656 0.000014
-0.042556 0.000010
-0.042456 0.000007
-0.042356 0.000005
-0.042256 0.000003
-0.042156 0.000002
-0.042056 0.000002
-0.041956 0.000001
-0.041856 0.000001
-0.041756 0.000000
-0.041656 0.000000
-0.041556 0.000000
-0.041456 0.000000
-0.041356 0.000000
-0.041256 0.000000
-0.041156 0.000000
-0.041056 0.000000
-0.040956 0.000000
-0.040856 0.000000
-0.040756 0.000000
-0.040656 0.000000
-0.040556 0.000000
-0.040456 0.000000
-0.040356 0.000000
-0.040256 0.000000
-0.040156 0.000000
-0.040056 0.000000
-0.039956 0.000000
-0.039856 0.000000
-0.039756 0.000000
-0.039656 0.000000
-0.039556 0.000000
-0.039456 0.000000
-0.039356 0.000000
-0.039256 0.000000
-0.039156 0.000000
-0.039056 0.000000
-0.038956 0.000000
-0.038856 0.000000
-0.038756 0.000000
-0.038656 0.000000
-0.038556 0.000000
-0.038456 0.000000
-0.038356 0.000000
-0.038256 0.000000
-0.038156 0.000000
-0.038056 0.000000
-0.037956 0.000000
-0.037856 0.000000
-0.037756 0.000000
-0.037656 0.000000
-0.037556 0.000000
-0.037456 0.000000
-0.037356 0.000000
-0.037256 0.000000
-0.037156 0.000000
-0.037056 0.000000
-0.036956 0.000000
-0.036856 0.000000
-0.036756 0.000000
-0.036656 0.000000
-0.036556 0.000000
-0.036456 0.000000
-0.036356 0.000000
-0.036256 0.000000
-0.036156 0.000000
-0.036056 0.000000
-0.035956 0.000000
-0.035856 0.000000
-0.035756 0.000000
-0.035656 0.000000
-0.035556 0.000000
-0.035456 0.000000
-0.035356 0.000000
-0.035256 0.000000
-0.035156 0.000000
-0.035056 0.000000
-0.034956 0.000000
-0.034856 0.000000
-0.034756 0.000000
-0.034656 0.000000
-0.034556 0.000000
-0.034456 0.000000
-0.034356 0.000000
-0.034256 0.000000
-0.034156 0.000000
-0.034056 0.000000
-0.033956 0.000000
-0.033856 0.000000
-0.033756 0.000000
-0.033656 0.000000
-0.033556 0.000000
-0.033456 0.000000
-0.033356 0.000000
-0.033256 0.000000
-0.033156 0.000000
-0.033056 0.000000
-0.032956 0.000000
-0.032856 0.000000
-0.032756 0.000000
-0.032656 0.000000
-0.032556 0.000000
-0.032456 0.000000
-0.032356 0.000000
-0.032256 0.000000
-0.032156 0.000000
-0.032056 0.000000
-0.031956 0.000000
-0.031856 0.000000
-0.031756 0.000000
-0.031656 0.000000
-0.031556 0.000000
-0.031456 0.000000
-0.031356 0.000000
-0.031256 0.000000
-0.031156 0.000000
-0.031056 0.000000
-0.030956 0.000000
-0.030856 0.000000
-0.030756 0.000000
-0.030656 0.000000
-0.030556 0.000000
-0.030456 0.000000
-0.030356 0.000000
-0.030256 0.000000
-0.030156 0.000000
-0.030056 0.000000
-0.029956 0.000000
-0.029856 0.000000
-0.029756 0.000000
-0.029656 0.000000
-0.029556 0.000000
-0.029456 0.000000
-0.029356 0.000000
-0.029256 0.000000
-0.029156 0.000000
-0.029056 0.000000
-0.028956 0.000000
-0.028856 0.000000
-0.028756 0.000000
-0.028656 0.000000
-0.028556 0.000000
-0.028456 0.000000
-0.028356 0.000000
-0.028256 0.000000
-0.028156 0.000000
-0.028056 0.000000
-0.027956 0.000000
-0.027856 0.000000
-0.027756 0.000000
-0.027656 0.000000
-0.027556 0.000000
-0.027456 0.000000
-0.027356 0.000000
-0.027256 0.000000
-0.027156 0.000000
-0.027056 0.000000
-0.026956 0.000000
-0.026856 0.000000
-0.026756 0.000000
-0.026656 0.000000
-0.026556 0.000000
-0.026456 0.000000
-0.026356 0.000000
-0.026256 0.000000
-0.026156 0.000000
-0.026056 0.000000
-0.025956 0.000000
-0.025856 0.000000
-0.025756 0.000000
-0.025656 0.000000
-0.025556 0.000000
-0.025456 0.000000
-0.025356 0.000000
-0.025256 0.000000
-0.025156 0.000000
-0.025056 0.000000
-0.024956 0.000000
-0.024856 0.000000
-0.024756 0.000000
-0.024656 0.000000
-0.024556 0.000000
-0.024456 0.000000
-0.024356 0.000000
-0.024256 0.000000
-0.024156 0.000000
-0.024056 0.000000
-0.023956 0.000000
-0.023856 0.000000
-0.023756 0.000000
-0.023656 0.000000
-0.023556 0.000000
-0.023456 0.000000
-0.023356 0.000000
-0.023256 0.000000
-0.023156 0.000000
-0.023056 0.000000
-0.022956 0.000000
-0.022856 0.000000
-0.022756 0.000000
-0.022656 0.000000
-0.022556 0.000000
-0.022456 0.000000
-0.022356 0.000000
-0.022256 0.000000
-0.022156 0.000000
-0.022056 0.000000
-0.021956 0.000000
-0.021856 0.000000
-0.021756 0.000000
-0.021656 0.000000
-0.021556 0.000000
-0.021456 0.000000
-0.021356 0.000000
-0.021256 0.000000
-0.021156 0.000000
-0.021056 0.000000
-0.020956 0.000000
-0.020856 0.000000
-0.020756 0.000000
-0.020656 0.000000
-0.020556 0.000000
-0.020456 0.000000
-0.020356 0.000000
-0.020256 0.000000
-0.020156 0.000000
-0.020056 0.000000
-0.019956 0.000000
-0.019856 0.000000
-0.019756 0.000000
-0.019656 0.000000
-0.019556 0.000000
-0.019456 0.000000
-0.019356 0.000000
-0.019256 0.000000
-0.019156 0.000000
-0.019056 0.000000
-0.018956 0.000000
-0.018856 0.000000
-0.018756 0.000000
-0.018656 0.000000
-0.018556 0.000000
-0.018456 0.000000
-0.018356 0.000000
-0.018256 0.000000
-0.018156 0.000000
-0.018056 0.000000
-0.017956 0.000000
-0.017856 0.000000
-0.017756 0.000000
-0.017656 0.000000
-0.017556 0.000000
-0.017456 0.000000
-0.017356 0.000000
-0.017256 0.000000
-0.017156 0.000000
-0.017056 0.000000
-0.016956 0.000000
-0.016856 0.000000
-0.016756 0.000000
-0.016656 0.000000
-0.016556 0.000000
-0.016456 0.000000
-0.016356 0.000000
-0.016256 0.000000
-0.016156 0.000000
-0.016056 0.000000
-0.015956 0.000000
-0.015856 0.000000
-0.015756 0.000000
-0.015656 0.000000
-0.015556 0.000000
-0.015456 0.000000
-0.015356 0.000000
-0.015256 0.000000
-0.015156 0.000000
-0.015056 0.000000
-0.014956 0.000000
-0.014856 0.000000
-0.014756 0.000000
-0.014656 0.000000
-0.014556 0.000000
-0.014456 0.000000
-0.014356 0.000000
-0.014256 0.000000
-0.014156 0.000000
-0.014056 0.000000
-0.013956 0.000000
-0.013856 0.000000
-0.013756 0.000000
-0.013656 0.000000
-0.013556 0.000000
-0.013456 0.000000
-0.013356 0.000000
-0.013256 0.000000
-0.013156 0.000000
-0.013056 0.000000
-0.012956 0.000000
-0.012856 0.000000
-0.012756 0.000000
-0.012656 0.000000
-0.012556 0.000000
-0.012456 0.000000
-0.012356 0.000000
-0.012256 0.000000
-0.012156 0.000000
-0.012056 0.000000
-0.011956 0.000000
-0.011856 0.000000
-0.011756 0.000000
-0.011656 0.000000
-0.011556 0.000000
-0.011456 0.000000
-0.011356 0.000000
-0.011256 0.000000
-0.011156 0.000000
-0.011056 0.000000
-0.010956 0.000000
-0.010856 0.000000
-0.010756 0.000000
-0.010656 0.000000
-0.010556 0.000000
-0.010456 0.000000
-0.010356 0.000000
-0.010256 0.000000
-0.010156 0.000000
-0.010056 0.000000
-0.009956 0.000000
-0.009856 0.000000
-0.009756 0.000000
-0.009656 0.000000
-0.009556 0.000000
-0.009456 0.000000
-0.009356 0.000000
-0.009256 0.000000
-0.009156 0.000000
-0.009056 0.000000
-0.008956 0.000000
-0.008856 0.000000
-0.008756 0.000000
-0.008656 0.000000
-0.008556 0.000000
-0.008456 0.000000
-0.008356 0.000000
-0.008256 0.000000
-0.008156 0.000000
-0.008056 0.000000
-0.007956 0.000000
-0.007856 0.000000
-0.007756 0.000000
-0.007656 0.000000
-0.007556 0.000000
-0.007456 0.000000
-0.007356 0.000000
-0.007256 0.000000
-0.007156 0.000000
-0.007056 0.000000
-0.006956 0.000000
-0.006856 0.000000
-0.006756 0.000000
-0.006656 0.000000
-0.006556 0.000000
-0.006456 0.000000
-0.006356 0.000000
-0.006256 0.000000
-0.006156 0.000000
-0.006056 0.000000
-0.005956 0.000000
-0.005856 0.000000
-0.005756 0.000000
-0.005656 0.000000
-0.005556 0.000000
-0.005456 0.000000
-0.005356 0.000000
-0.005256 0.000000
-0.005156 0.000000
-0.005056 0.000000
-0.004956 0.000000
-0.004856 0.000000
-0.004756 0.000000
-0.004656 0.000000
-0.004556 0.000000
-0.004456 0.000000
-0.004356 0.000000
-0.004256 0.000000
-0.004156 0.000000
-0.004056 0.000000
-0.003956 0.000000
-0.003856 0.000000
-0.003756 0.000000
-0.003656 0.000000
-0.003556 0.000000
-0.003456 0.000000
-0.003356 0.000000
-0.003256 0.000000
-0.003156 0.000000
-0.003056 0.000000
-0.002956 0.000000
-0.002856 0.000000
-0.002756 0.000000
-0.002656 0.000000
-0.002556 0.000000
-0.002456 0.000000
-0.002356 0.000000
-0.002256 0.000000
-0.002156 0.000000
-0.002056 0.000000
-0.001956 0.000000
-0.001856 0.000000
-0.001756 0.000000
-0.001656 0.000000
-0.001556 0.000000
-0.001456 0.000000
-0.001356 0.000000
-0.001256 0.000000
-0.001156 0.000000
-0.001056 0.000000
-0.000956 0.000000
-0.000856 0.000000
-0.000756 0.000000
-0.000656 0.000000
-0.000556 0.000000
-0.000456 0.000000
-0.000356 0.000000
-0.000256 0.000000
-0.000156 0.000000
-0.000056 0.000000
0.000044 0.000000
0.000144 0.000000
0.000244 0.000000
0.000344 0.000000
0.000444 0.000000
0.000544 0.000000
0.000644 0.000000
0.000744 0.000000
0.000844 0.000000
0.000944 0.000000
0.001044 0.000000
0.001144 0.000000
0.001244 0.000000
0.001344 0.000000
0.001444 0.000000
0.001544 0.000000
0.001644 0.000000
0.001744 0.000000
0.001844 0.000000
0.001944 0.000000
0.002044 0.000000
0.002144 0.000000
0.002244 0.000000
0.002344 0.000000
0.002444 0.000000
0.002544 0.000000
0.002644 0.000000
0.002744 0.000000
0.002844 0.000000
0.002944 0.000000
0.003044 0.000000
0.003144 0.000000
0.003244 0.000000
0.003344 0.000000
0.003444 0.000000
0.003544 0.000000
0.003644 0.000000
0.003744 0.000000
0.003844 0.000000
0.003944 0.000000
0.004044 0.000000
0.004144 0.000000
0.004244 0.000000
0.004344 0.000000
0.004444 0.000000
0.004544 0.000000
0.004644 0.000000
0.004744 0.000000
0.004844 0.000000
0.004944 0.000000
0.005044 0.000000
0.005144 0.000000
0.005244 0.000000
0.005344 0.000000
0.005444 0.000000
0.005544 0.000000
0.005644 0.000000
0.005744 0.000000
0.005844 0.000000
0.005944 0.000000
0.006044 0.000000
0.006144 0.000000
0.006244 0.000000
0.006344 0.000000
0.006444 0.000000
0.006544 0.000000
0.006644 0.000000
0.006744 0.000000
0.006844 0.000000
0.006944 0.000000
0.007044 0.000000
0.007144 0.000000
0.007244 0.000000
0.007344 0.000000
0.007444 0.000000
0.007544 0.000000
0.007644 0.000000
0.007744 0.000000
0.007844 0.000000
0.007944 0.000000
0.008044 0.000000
0.008144 0.000000
0.008244 0.000000
0.008344 0.000000
0.008444 0.000000
0.008544 0.000000
0.008644 0.000000
0.008744 0.000000
0.008844 0.000000
0.008944 0.000000
0.009044 0.000000
0.009144 0.000000
0.009244 0.000000
0.009344 0.000000
0.009444 0.000000
0.009544 0.000000
0.009644 0.000000
0.009744 0.000000
0.009844 0.000000
0.009944 0.000000
0.010044 0.000000
0.010144 0.000000
0.010244 0.000000
0.010344 0.000000
0.010444 0.000000
0.010544 0.000000
0.010644 0.000000
0.010744 0.000000
0.010844 0.000000
0.010944 0.000000
0.011044 0.000000
0.011144 0.000000
0.011244 0.000000
0.011344 0.000000
0.011444 0.000000
0.011544 0.000000
0.011644 0.000000
0.011744 0.000000
0.011844 0.000000
0.011944 0.000000
0.012044 0.000000
0.012144 0.000000
0.012244 0.000000
0.012344 0.000000
0.012444 0.000000
0.012544 0.000000
0.012644 0.000000
0.012744 0.000000
0.012844 0.000000
0.012944 0.000000
0.013044 0.000000
0.013144 0.000000
0.013244 0.000000
0.013344 0.000000
0.013444 0.000000
0.013544 0.000000
0.013644 0.000000
0.013744 0.000000
0.013844 0.000000
0.013944 0.000000
0.014044 0.000000
0.014144 0.000000
0.014244 0.000000
0.014344 0.000000
0.014444 0.000000
0.014544 0.000000
0.014644 0.000000
0.014744 0.000000
0.014844 0.000000
0.014944 0.000000
0.015044 0.000000
0.015144 0.000000
0.015244 0.000000
0.015344 0.000000
0.015444 0.000000
0.015544 0.000000
0.015644 0.000000
0.015744 0.000000
0.015844 0.000000
0.015944 0.000000
0.016044 0.000000
0.016144 0.000000
0.016244 0.000000
0.016344 0.000000
0.016444 0.000000
0.016544 0.000000
0.016644 0.000000
0.016744 0.000000
0.016844 0.000001
0.016944 0.000001
0.017044 0.000001
0.017144 0.000002
0.017244 0.000003
0.017344 0.000004
0.017444 0.000006
0.017544 0.000008
0.017644 0.000012
0.017744 0.000017
0.017844 0.000024
0.017944 0.000034
0.018044 0.000048
0.018144 0.000067
0.018244 0.000092
0.018344 0.000128
0.018444 0.000176
0.018544 0.000241
0.018644 0.000328
0.018744 0.000445
0.018844 0.000600
0.018944 0.000806
0.019044 0.001076
0.019144 0.001430
0.019244 0.001890
0.019344 0.002486
0.019444 0.003255
0.019544 0.004239
0.019644 0.005493
0.019744 0.007083
0.019844 0.009088
0.019944 0.011602
0.020044 0.014737
0.020144 0.018627
0.020244 0.023426
0.020344 0.029314
0.020444 0.036499
0.020544 0.045218
0.020644 0.055741
0.020744 0.068370
0.020844 0.083442
0.020944 0.101329
0.021044 0.122437
0.021144 0.147204
0.021244 0.176097
0.021344 0.209612
0.021444 0.248260
0.021544 0.292568
0.021644 0.343065
0.021744 0.400270
0.021844 0.464685
0.021944 0.536776
0.022044 0.616958
0.022144 0.705581
0.022244 0.802910
0.022344 0.909107
0.022444 1.024216
0.022544 1.148146
0.022644 1.280651
0.022744 1.421324
0.022844 1.569582
0.022944 1.724660
0.023044 1.885608
0.023144 2.051294
0.023244 2.220409
0.023344 2.391479
0.023444 2.562882
0.023544 2.732871
0.023644 2.899601
0.023744 3.061159
0.023844 3.215601
0.023944 3.360987
0.024044 3.495425
0.024144 3.617111
0.024244 3.724364
0.024344 3.815671
0.024444 3.889719
0.024544 3.945428
0.024644 3.981975
0.024744 3.998816
0.024844 3.995700
0.024944 3.972673
0.025044 3.930080
0.025144 3.868552
0.025244 3.788995
0.025344 3.692564
0.025444 3.580640
0.025544 3.454791
0.025644 3.316741
0.025744 3.168325
0.025844 3.011455
0.025944 2.848077
0.026044 2.680128
0.026144 2.509503
0.026244 2.338022
0.026344 2.167395
0.026444 1.999198
0.026544 1.834857
0.026644 1.675627
0.026744 1.522582
0.026844 1.376616
0.026944 1.238435
0.027044 1.108568
0.027144 0.987370
0.027244 0.875036
0.027344 0.771615
0.027444 0.677024
0.027544 0.591065
0.027644 0.513447
0.027744 0.443797
0.027844 0.381682
0.027944 0.326624
0.028044 0.278113
0.028144 0.235627
0.028244 0.198635
0.028344 0.166616
0.028444 0.139061
0.028544 0.115484
0.028644 0.095426
0.028744 0.078459
