-0.063212 0.036631
-0.063112 0.044630
-0.063012 0.054104
-0.062912 0.065262
-0.062812 0.078328
-0.062712 0.093541
-0.062612 0.111152
-0.062512 0.131421
-0.062412 0.154609
-0.062312 0.180983
-0.062212 0.210798
-0.062112 0.244301
-0.062012 0.281717
-0.061912 0.323242
-0.061812 0.369039
-0.061712 0.419223
-0.061612 0.473856
-0.061512 0.532937
-0.061412 0.596395
-0.061312 0.664080
-0.061212 0.735759
-0.061112 0.811109
-0.061012 0.889716
-0.060912 0.971074
-0.060812 1.054585
-0.060712 1.139566
-0.060612 1.225253
-0.060512 1.310813
-0.060412 1.395353
-0.060312 1.477937
-0.060212 1.557602
-0.060112 1.633373
-0.060012 1.704288
-0.059912 1.769412
-0.059812 1.827862
-0.059712 1.878826
-0.059612 1.921579
-0.059512 1.955502
-0.059412 1.980100
-0.059312 1.995006
-0.059212 2.000000
-0.059112 1.995006
-0.059012 1.980100
-0.058912 1.955502
-0.058812 1.921579
-0.058712 1.878826
-0.058612 1.827862
-0.058512 1.769412
-0.058412 1.704288
-0.058312 1.633373
-0.058212 1.557602
-0.058112 1.477937
-0.058012 1.395353
-0.057912 1.310813
-0.057812 1.225253
-0.057712 1.139566
-0.057612 1.054585
-0.057512 0.971074
-0.057412 0.889716
-0.057312 0.811109
-0.057212 0.735759
-0.057112 0.664080
-0.057012 0.596395
-0.056912 0.532937
-0.056812 0.473856
-0.056712 0.419223
-0.056612 0.369039
-0.056512 0.323242
-0.056412 0.281717
-0.056312 0.244301
-0.056212 0.210798
-0.056112 0.180983
-0.056012 0.154609
-0.055912 0.131421
-0.055812 0.111152
-0.055712 0.093541
-0.055612 0.078328
-0.055512 0.065262
-0.055412 0.054104
-0.055312 0.044630
-0.055212 0.036631
-0.055112 0.029916
-0.055012 0.024310
-0.054912 0.019656
-0.054812 0.015814
-0.054712 0.012659
-0.054612 0.010084
-0.054512 0.007992
-0.054412 0.006302
-0.054312 0.004945
-0.054212 0.003861
-0.054112 0.002999
-0.054012 0.002318
-0.053912 0.001783
-0.053812 0.001365
-0.053712 0.001039
-0.053612 0.000787
-0.053512 0.000594
-0.053412 0.000445
-0.053312 0.000332
-0.053212 0.000247
-0.053112 0.000182
-0.053012 0.000134
-0.052912 0.000098
-0.052812 0.000071
-0.052712 0.000052
-0.052612 0.000037
-0.052512 0.000027
-0.052412 0.000019
-0.052312 0.000014
-0.052212 0.000010
-0.052112 0.000007
-0.052012 0.000005
-0.051912 0.000003
-0.051812 0.000002
-0.051712 0.000002
-0.051612 0.000001
-0.051512 0.000001
-0.051412 0.000000
-0.051312 0.000000
-0.051212 0.000000
-0.051112 0.000000
-0.051012 0.000000
-0.050912 0.000000
-0.050812 0.000000
-0.050712 0.000000
-0.050612 0.000000
-0.050512 0.000000
-0.050412 0.000000
-0.050312 0.000000
-0.050212 0.000000
-0.050112 0.000000
-0.050012 0.000000
-0.049912 0.000000
-0.049812 0.000000
-0.049712 0.000000
-0.049612 0.000000
-0.049512 0.000000
-0.049412 0.000000
-0.049312 0.000000
-0.049212 0.000000
-0.049112 0.000000
-0.049012 0.000000
-0.048912 0.000000
-0.048812 0.000000
-0.048712 0.000000
-0.048612 0.000000
-0.048512 0.000000
-0.048412 0.000000
-0.048312 0.000000
-0.048212 0.000000
-0.048112 0.000000
-0.048012 0.000000
-0.047912 0.000000
-0.047812 0.000000
-0.047712 0.000000
-0.047612 0.000000
-0.047512 0.000000
-0.047412 0.000000
-0.047312 0.000000
-0.047212 0.000000
-0.047112 0.000000
-0.047012 0.000000
-0.046912 0.000000
-0.046812 0.000000
-0.046712 0.000000
-0.046612 0.000000
-0.046512 0.000000
-0.046412 0.000000
-0.046312 0.000000
-0.046212 0.000000
-0.046112 0.000000
-0.046012 0.000000
-0.045912 0.000000
-0.045812 0.000000
-0.045712 0.000000
-0.045612 0.000000
-0.045512 0.000000
-0.045412 0.000000
-0.045312 0.000000
-0.045212 0.000000
-0.045112 0.000000
-0.045012 0.000000
-0.044912 0.000000
-0.044812 0.000000
-0.044712 0.000000
-0.044612 0.000000
-0.044512 0.000000
-0.044412 0.000000
-0.044312 0.000000
-0.044212 0.000000
-0.044112 0.000000
-0.044012 0.000000
-0.043912 0.000000
-0.043812 0.000000
-0.043712 0.000000
-0.043612 0.000000
-0.043512 0.000000
-0.043412 0.000000
-0.043312 0.000000
-0.043212 0.000000
-0.043112 0.000000
-0.043012 0.000000
-0.042912 0.000000
-0.042812 0.000000
-0.042712 0.000000
-0.042612 0.000000
-0.042512 0.000000
-0.042412 0.000000
-0.042312 0.000000
-0.042212 0.000000
-0.042112 0.000000
-0.042012 0.000000
-0.041912 0.000000
-0.041812 0.000000
-0.041712 0.000000
-0.041612 0.000000
-0.041512 0.000000
-0.041412 0.000000
-0.041312 0.000000
-0.041212 0.000000
-0.041112 0.000000
-0.041012 0.000000
-0.040912 0.000000
-0.040812 0.000000
-0.040712 0.000000
-0.040612 0.000000
-0.040512 0.000000
-0.040412 0.000000
-0.040312 0.000000
-0.040212 0.000000
-0.040112 0.000000
-0.040012 0.000000
-0.039912 0.000000
-0.039812 0.000000
-0.039712 0.000000
-0.039612 0.000000
-0.039512 0.000000
-0.039412 0.000000
-0.039312 0.000000
-0.039212 0.000000
-0.039112 0.000000
-0.039012 0.000000
-0.038912 0.000000
-0.038812 0.000000
-0.038712 0.000000
-0.038612 0.000000
-0.038512 0.000000
-0.038412 0.000000
-0.038312 0.000000
-0.038212 0.000000
-0.038112 0.000000
-0.038012 0.000000
-0.037912 0.000000
-0.037812 0.000000
-0.037712 0.000000
-0.037612 0.000000
-0.037512 0.000000
-0.037412 0.000000
-0.037312 0.000000
-0.037212 0.000000
-0.037112 0.000000
-0.037012 0.000000
-0.036912 0.000000
-0.036812 0.000000
-0.036712 0.000000
-0.036612 0.000000
-0.036512 0.000000
-0.036412 0.000000
-0.036312 0.000000
-0.036212 0.000000
-0.036112 0.000000
-0.036012 0.000000
-0.035912 0.000000
-0.035812 0.000000
-0.035712 0.000000
-0.035612 0.000000
-0.035512 0.000000
-0.035412 0.000000
-0.035312 0.000000
-0.035212 0.000000
-0.035112 0.000000
-0.035012 0.000000
-0.034912 0.000000
-0.034812 0.000000
-0.034712 0.000000
-0.034612 0.000000
-0.034512 0.000000
-0.034412 0.000000
-0.034312 0.000000
-0.034212 0.000000
-0.034112 0.000000
-0.034012 0.000000
-0.033912 0.000000
-0.033812 0.000000
-0.033712 0.000000
-0.033612 0.000000
-0.033512 0.000000
-0.033412 0.000000
-0.033312 0.000000
-0.033212 0.000000
-0.033112 0.000000
-0.033012 0.000000
-0.032912 0.000000
-0.032812 0.000000
-0.032712 0.000000
-0.032612 0.000000
-0.032512 0.000000
-0.032412 0.000000
-0.032312 0.000000
-0.032212 0.000000
-0.032112 0.000000
-0.032012 0.000000
-0.031912 0.000000
-0.031812 0.000000
-0.031712 0.000000
-0.031612 0.000000
-0.031512 0.000000
-0.031412 0.000000
-0.031312 0.000000
-0.031212 0.000000
-0.031112 0.000000
-0.031012 0.000000
-0.030912 0.000000
-0.030812 0.000000
-0.030712 0.000000
-0.030612 0.000000
-0.030512 0.000000
-0.030412 0.000000
-0.030312 0.000000
-0.030212 0.000000
-0.030112 0.000000
-0.030012 0.000000
-0.029912 0.000000
-0.029812 0.000000
-0.029712 0.000000
-0.029612 0.000000
-0.029512 0.000000
-0.029412 0.000000
-0.029312 0.000000
-0.029212 0.000000
-0.029112 0.000000
-0.029012 0.000000
-0.028912 0.000000
-0.028812 0.000000
-0.028712 0.000000
-0.028612 0.000000
-0.028512 0.000000
-0.028412 0.000000
-0.028312 0.000000
-0.028212 0.000000
-0.028112 0.000000
-0.028012 0.000000
-0.027912 0.000000
-0.027812 0.000000
-0.027712 0.000000
-0.027612 0.000000
-0.027512 0.000000
-0.027412 0.000000
-0.027312 0.000000
-0.027212 0.000000
-0.027112 0.000000
-0.027012 0.000000
-0.026912 0.000000
-0.026812 0.000000
-0.026712 0.000000
-0.026612 0.000000
-0.026512 0.000000
-0.026412 0.000000
-0.026312 0.000000
-0.026212 0.000000
-0.026112 0.000000
-0.026012 0.000000
-0.025912 0.000000
-0.025812 0.000000
-0.025712 0.000000
-0.025612 0.000000
-0.025512 0.000000
-0.025412 0.000000
-0.025312 0.000000
-0.025212 0.000000
-0.025112 0.000000
-0.025012 0.000000
-0.024912 0.000000
-0.024812 0.000000
-0.024712 0.000000
-0.024612 0.000000
-0.024512 0.000000
-0.024412 0.000000
-0.024312 0.000000
-0.024212 0.000000
-0.024112 0.000000
-0.024012 0.000000
-0.023912 0.000000
-0.023812 0.000000
-0.023712 0.000000
-0.023612 0.000000
-0.023512 0.000000
-0.023412 0.000000
-0.023312 0.000000
-0.023212 0.000000
-0.023112 0.000000
-0.023012 0.000000
-0.022912 0.000000
-0.022812 0.000000
-0.022712 0.000000
-0.022612 0.000000
-0.022512 0.000000
-0.022412 0.000000
-0.022312 0.000000
-0.022212 0.000000
-0.022112 0.000000
-0.022012 0.000000
-0.021912 0.000000
-0.021812 0.000000
-0.021712 0.000000
-0.021612 0.000000
-0.021512 0.000000
-0.021412 0.000000
-0.021312 0.000000
-0.021212 0.000000
-0.021112 0.000000
-0.021012 0.000000
-0.020912 0.000000
-0.020812 0.000000
-0.020712 0.000000
-0.020612 0.000000
-0.020512 0.000000
-0.020412 0.000000
-0.020312 0.000000
-0.020212 0.000000
-0.020112 0.000000
-0.020012 0.000000
-0.019912 0.000000
-0.019812 0.000000
-0.019712 0.000000
-0.019612 0.000000
-0.019512 0.000000
-0.019412 0.000000
-0.019312 0.000000
-0.019212 0.000000
-0.019112 0.000000
-0.019012 0.000000
-0.018912 0.000000
-0.018812 0.000000
-0.018712 0.000000
-0.018612 0.000000
-0.018512 0.000000
-0.018412 0.000000
-0.018312 0.000000
-0.018212 0.000000
-0.018112 0.000000
-0.018012 0.000000
-0.017912 0.000000
-0.017812 0.000000
-0.017712 0.000000
-0.017612 0.000000
-0.017512 0.000000
-0.017412 0.000000
-0.017312 0.000000
-0.017212 0.000000
-0.017112 0.000000
-0.017012 0.000000
-0.016912 0.000000
-0.016812 0.000000
-0.016712 0.000000
-0.016612 0.000000
-0.016512 0.000000
-0.016412 0.000000
-0.016312 0.000000
-0.016212 0.000000
-0.016112 0.000000
-0.016012 0.000000
-0.015912 0.000000
-0.015812 0.000000
-0.015712 0.000000
-0.015612 0.000000
-0.015512 0.000000
-0.015412 0.000000
-0.015312 0.000000
-0.015212 0.000000
-0.015112 0.000000
-0.015012 0.000000
-0.014912 0.000000
-0.014812 0.000000
-0.014712 0.000000
-0.014612 0.000000
-0.014512 0.000000
-0.014412 0.000000
-0.014312 0.000000
-0.014212 0.000000
-0.014112 0.000000
-0.014012 0.000000
-0.013912 0.000000
-0.013812 0.000000
-0.013712 0.000000
-0.013612 0.000000
-0.013512 0.000000
-0.013412 0.000000
-0.013312 0.000000
-0.013212 0.000000
-0.013112 0.000000
-0.013012 0.000000
-0.012912 0.000000
-0.012812 0.000000
-0.012712 0.000000
-0.012612 0.000000
-0.012512 0.000000
-0.012412 0.000000
-0.012312 0.000000
-0.012212 0.000000
-0.012112 0.000000
-0.012012 0.000000
-0.011912 0.000000
-0.011812 0.000000
-0.011712 0.000000
-0.011612 0.000000
-0.011512 0.000000
-0.011412 0.000000
-0.011312 0.000000
-0.011212 0.000000
-0.011112 0.000000
-0.011012 0.000000
-0.010912 0.000000
-0.010812 0.000000
-0.010712 0.000000
-0.010612 0.000000
-0.010512 0.000000
-0.010412 0.000000
-0.010312 0.000000
-0.010212 0.000000
-0.010112 0.000000
-0.010012 0.000000
-0.009912 0.000000
-0.009812 0.000000
-0.009712 0.000000
-0.009612 0.000000
-0.009512 0.000000
-0.009412 0.000000
-0.009312 0.000000
-0.009212 0.000000
-0.009112 0.000000
-0.009012 0.000000
-0.008912 0.000000
-0.008812 0.000000
-0.008712 0.000000
-0.008612 0.000000
-0.008512 0.000000
-0.008412 0.000000
-0.008312 0.000000
-0.008212 0.000000
-0.008112 0.000000
-0.008012 0.000000
-0.007912 0.000000
-0.007812 0.000000
-0.007712 0.000000
-0.007612 0.000000
-0.007512 0.000000
-0.007412 0.000000
-0.007312 0.000000
-0.007212 0.000000
-0.007112 0.000000
-0.007012 0.000000
-0.006912 0.000000
-0.006812 0.000000
-0.006712 0.000000
-0.006612 0.000000
-0.006512 0.000000
-0.006412 0.000000
-0.006312 0.000000
-0.006212 0.000000
-0.006112 0.000000
-0.006012 0.000000
-0.005912 0.000000
-0.005812 0.000000
-0.005712 0.000000
-0.005612 0.000000
-0.005512 0.000000
-0.005412 0.000000
-0.005312 0.000000
-0.005212 0.000000
-0.005112 0.000000
-0.005012 0.000000
-0.004912 0.000000
-0.004812 0.000000
-0.004712 0.000000
-0.004612 0.000000
-0.004512 0.000000
-0.004412 0.000000
-0.004312 0.000000
-0.004212 0.000000
-0.004112 0.000000
-0.004012 0.000000
-0.003912 0.000000
-0.003812 0.000000
-0.003712 0.000000
-0.003612 0.000000
-0.003512 0.000000
-0.003412 0.000000
-0.003312 0.000000
-0.003212 0.000000
-0.003112 0.000000
-0.003012 0.000000
-0.002912 0.000000
-0.002812 0.000000
-0.002712 0.000000
-0.002612 0.000000
-0.002512 0.000000
-0.002412 0.000000
-0.002312 0.000000
-0.002212 0.000000
-0.002112 0.000000
-0.002012 0.000000
-0.001912 0.000000
-0.001812 0.000000
-0.001712 0.000000
-0.001612 0.000000
-0.001512 0.000000
-0.001412 0.000000
-0.001312 0.000000
-0.001212 0.000000
-0.001112 0.000000
-0.001012 0.000000
-0.000912 0.000000
-0.000812 0.000000
-0.000712 0.000000
-0.000612 0.000000
-0.000512 0.000000
-0.000412 0.000000
-0.000312 0.000000
-0.000212 0.000000
-0.000112 0.000000
-0.000012 0.000000
0.000088 0.000000
0.000188 0.000000
0.000288 0.000000
0.000388 0.000000
0.000488 0.000000
0.000588 0.000000
0.000688 0.000000
0.000788 0.000000
0.000888 0.000000
0.000988 0.000000
0.001088 0.000000
0.001188 0.000000
0.001288 0.000000
0.001388 0.000000
0.001488 0.000000
0.001588 0.000000
0.001688 0.000000
0.001788 0.000000
0.001888 0.000000
0.001988 0.000000
0.002088 0.000000
0.002188 0.000000
0.002288 0.000000
0.002388 0.000000
0.002488 0.000000
0.002588 0.000000
0.002688 0.000000
0.002788 0.000000
0.002888 0.000000
0.002988 0.000000
0.003088 0.000000
0.003188 0.000000
0.003288 0.000000
0.003388 0.000000
0.003488 0.000000
0.003588 0.000000
0.003688 0.000000
0.003788 0.000000
0.003888 0.000000
0.003988 0.000000
0.004088 0.000000
0.004188 0.000000
0.004288 0.000000
0.004388 0.000000
0.004488 0.000000
0.004588 0.000000
0.004688 0.000000
0.004788 0.000000
0.004888 0.000000
0.004988 0.000000
0.005088 0.000000
0.005188 0.000000
0.005288 0.000000
0.005388 0.000000
0.005488 0.000000
0.005588 0.000000
0.005688 0.000000
0.005788 0.000000
0.005888 0.000000
0.005988 0.000000
0.006088 0.000000
0.006188 0.000000
0.006288 0.000000
0.006388 0.000000
0.006488 0.000000
0.006588 0.000000
0.006688 0.000000
0.006788 0.000000
0.006888 0.000000
0.006988 0.000000
0.007088 0.000000
0.007188 0.000000
0.007288 0.000000
0.007388 0.000000
0.007488 0.000000
0.007588 0.000000
0.007688 0.000000
0.007788 0.000000
0.007888 0.000000
0.007988 0.000000
0.008088 0.000000
0.008188 0.000000
0.008288 0.000000
0.008388 0.000000
0.008488 0.000000
0.008588 0.000000
0.008688 0.000000
0.008788 0.000000
0.008888 0.000000
0.008988 0.000000
0.009088 0.000000
0.009188 0.000000
0.009288 0.000000
0.009388 0.000000
0.009488 0.000000
0.009588 0.000000
0.009688 0.000000
0.009788 0.000000
0.009888 0.000000
0.009988 0.000000
0.010088 0.000000
0.010188 0.000000
0.010288 0.000000
0.010388 0.000000
0.010488 0.000000
0.010588 0.000000
0.010688 0.000000
0.010788 0.000000
0.010888 0.000000
0.010988 0.000000
0.011088 0.000000
0.011188 0.000000
0.011288 0.000000
0.011388 0.000000
0.011488 0.000000
0.011588 0.000000
0.011688 0.000000
0.011788 0.000000
0.011888 0.000000
0.011988 0.000000
0.012088 0.000000
0.012188 0.000000
0.012288 0.000000
0.012388 0.000000
0.012488 0.000000
0.012588 0.000000
0.012688 0.000000
0.012788 0.000000
0.012888 0.000000
0.012988 0.000000
0.013088 0.000000
0.013188 0.000000
0.013288 0.000000
0.013388 0.000000
0.013488 0.000000
0.013588 0.000000
0.013688 0.000000
0.013788 0.000000
0.013888 0.000000
0.013988 0.000000
0.014088 0.000000
0.014188 0.000000
0.014288 0.000000
0.014388 0.000000
0.014488 0.000000
0.014588 0.000000
0.014688 0.000000
0.014788 0.000000
0.014888 0.000000
0.014988 0.000000
0.015088 0.000000
0.015188 0.000000
0.015288 0.000000
0.015388 0.000000
0.015488 0.000000
0.015588 0.000000
0.015688 0.000000
0.015788 0.000000
0.015888 0.000000
0.015988 0.000000
0.016088 0.000000
0.016188 0.000000
0.016288 0.000000
0.016388 0.000000
0.016488 0.000000
0.016588 0.000000
0.016688 0.000000
0.016788 0.000000
0.016888 0.000000
0.016988 0.000000
0.017088 0.000000
0.017188 0.000000
0.017288 0.000000
0.017388 0.000000
0.017488 0.000000
0.017588 0.000000
0.017688 0.000000
0.017788 0.000000
0.017888 0.000000
0.017988 0.000000
0.018088 0.000000
0.018188 0.000000
0.018288 0.000000
0.018388 0.000000
0.018488 0.000000
0.018588 0.000000
0.018688 0.000000
0.018788 0.000000
0.018888 0.000000
0.018988 0.000000
0.019088 0.000000
0.019188 0.000000
0.019288 0.000000
0.019388 0.000000
0.019488 0.000000
0.019588 0.000000
0.019688 0.000000
0.019788 0.000000
0.019888 0.000000
0.019988 0.000000
0.020088 0.000000
0.020188 0.000000
0.020288 0.000000
0.020388 0.000000
0.020488 0.000000
0.020588 0.000000
0.020688 0.000000
0.020788 0.000000
0.020888 0.000000
0.020988 0.000000
0.021088 0.000000
0.021188 0.000000
0.021288 0.000000
0.021388 0.000000
0.021488 0.000000
0.021588 0.000000
0.021688 0.000001
0.021788 0.000001
0.021888 0.000001
0.021988 0.000002
0.022088 0.000003
0.022188 0.000004
0.022288 0.000006
0.022388 0.000009
0.022488 0.000013
0.022588 0.000018
0.022688 0.000025
0.022788 0.000036
0.022888 0.000050
0.022988 0.000070
0.023088 0.000097
0.023188 0.000135
0.023288 0.000185
0.023388 0.000253
0.023488 0.000345
0.023588 0.000467
0.023688 0.000629
0.023788 0.000844
0.023888 0.001126
0.023988 0.001495
0.024088 0.001975
0.024188 0.002597
0.024288 0.003396
0.024388 0.004419
0.024488 0.005723
0.024588 0.007373
0.024688 0.009453
0.024788 0.012058
0.024888 0.015304
0.024988 0.019328
0.025088 0.024288
0.025188 0.030368
0.025288 0.037782
0.025388 0.046770
0.025488 0.057608
0.025588 0.070604
0.025688 0.086100
0.025788 0.104473
0.025888 0.126135
0.025988 0.151529
0.026088 0.181127
0.026188 0.215426
0.026288 0.254943
0.026388 0.300204
0.026488 0.351737
0.026588 0.410061
0.026688 0.475672
0.026788 0.549028
0.026888 0.630537
0.026988 0.720535
0.027088 0.819271
0.027188 0.926892
0.027288 1.043420
0.027388 1.168740
0.027488 1.302581
0.027588 1.444510
0.027688 1.593913
0.027788 1.749997
0.027888 1.911782
0.027988 2.078108
0.028088 2.247638
0.028188 2.418873
0.028288 2.590171
0.028388 2.759766
0.028488 2.925799
0.028588 3.086352
0.028688 3.239476
0.028788 3.383239
0.028888 3.515759
0.028988 3.635249
0.029088 3.740052
0.029188 3.828685
0.029288 3.899871
0.029388 3.952568
0.029488 3.985997
0.029588 3.999660
0.029688 3.993353
0.029788 3.967171
0.029888 3.921504
0.029988 3.857029
0.030088 3.774694
0.030188 3.675691
0.030288 3.561434
0.030388 3.433517
0.030488 3.293685
0.030588 3.143790
0.030688 2.985750
0.030788 2.821512
0.030888 2.653010
0.030988 2.482130
0.031088 2.310673
0.031188 2.140332
0.031288 1.972660
0.031388 1.809055
0.031488 1.650745
0.031588 1.498776
0.031688 1.354010
0.031788 1.217126
0.031888 1.088624
0.031988 0.968833
0.032088 0.857923
0.032188 0.755920
0.032288 0.662723
0.032388 0.578119
0.032488 0.501800
0.032588 0.433384
0.032688 0.372429
0.032788 0.318451
0.032888 0.270938
0.032988 0.229364
0.033088 0.193201
0.033188 0.161929
0.033288 0.135041
0.033388 0.112056
0.033488 0.092520
0.033588 0.076008
