-0.063020 0.036631
-0.062920 0.044630
-0.062820 0.054104
-0.062720 0.065262
-0.062620 0.078328
-0.062520 0.093541
-0.062420 0.111152
-0.062320 0.131421
-0.062220 0.154609
-0.062120 0.180983
-0.062020 0.210798
-0.061920 0.244301
-0.061820 0.281717
-0.061720 0.323242
-0.061620 0.369039
-0.061520 0.419223
-0.061420 0.473856
-0.061320 0.532937
-0.061220 0.596395
-0.061120 0.664080
-0.061020 0.735759
-0.060920 0.811109
-0.060820 0.889716
-0.060720 0.971074
-0.060620 1.054585
-0.060520 1.139566
-0.060420 1.225253
-0.060320 1.310813
-0.060220 1.395353
-0.060120 1.477937
-0.060020 1.557602
-0.059920 1.633373
-0.059820 1.704288
-0.059720 1.769412
-0.059620 1.827862
-0.059520 1.878826
-0.059420 1.921579
-0.059320 1.955502
-0.059220 1.980100
-0.059120 1.995006
-0.059020 2.000000
-0.058920 1.995006
-0.058820 1.980100
-0.058720 1.955502
-0.058620 1.921579
-0.058520 1.878826
-0.058420 1.827862
-0.058320 1.769412
-0.058220 1.704288
-0.058120 1.633373
-0.058020 1.557602
-0.057920 1.477937
-0.057820 1.395353
-0.057720 1.310813
-0.057620 1.225253
-0.057520 1.139566
-0.057420 1.054585
-0.057320 0.971074
-0.057220 0.889716
-0.057120 0.811109
-0.057020 0.735759
-0.056920 0.664080
-0.056820 0.596395
-0.056720 0.532937
-0.056620 0.473856
-0.056520 0.419223
-0.056420 0.369039
-0.056320 0.323242
-0.056220 0.281717
-0.056120 0.244301
-0.056020 0.210798
-0.055920 0.180983
-0.055820 0.154609
-0.055720 0.131421
-0.055620 0.111152
-0.055520 0.093541
-0.055420 0.078328
-0.055320 0.065262
-0.055220 0.054104
-0.055120 0.044630
-0.055020 0.036631
-0.054920 0.029916
-0.054820 0.024310
-0.054720 0.019656
-0.054620 0.015814
-0.054520 0.012659
-0.054420 0.010084
-0.054320 0.007992
-0.054220 0.006302
-0.054120 0.004945
-0.054020 0.003861
-0.053920 0.002999
-0.053820 0.002318
-0.053720 0.001783
-0.053620 0.001365
-0.053520 0.001039
-0.053420 0.000787
-0.053320 0.000594
-0.053220 0.000445
-0.053120 0.000332
-0.053020 0.000247
-0.052920 0.000182
-0.052820 0.000134
-0.052720 0.000098
-0.052620 0.000071
-0.052520 0.000052
-0.052420 0.000037
-0.052320 0.000027
-0.052220 0.000019
-0.052120 0.000014
-0.052020 0.000010
-0.051920 0.000007
-0.051820 0.000005
-0.051720 0.000003
-0.051620 0.000002
-0.051520 0.000002
-0.051420 0.000001
-0.051320 0.000001
-0.051220 0.000000
-0.051120 0.000000
-0.051020 0.000000
-0.050920 0.000000
-0.050820 0.000000
-0.050720 0.000000
-0.050620 0.000000
-0.050520 0.000000
-0.050420 0.000000
-0.050320 0.000000
-0.050220 0.000000
-0.050120 0.000000
-0.050020 0.000000
-0.049920 0.000000
-0.049820 0.000000
-0.049720 0.000000
-0.049620 0.000000
-0.049520 0.000000
-0.049420 0.000000
-0.049320 0.000000
-0.049220 0.000000
-0.049120 0.000000
-0.049020 0.000000
-0.048920 0.000000
-0.048820 0.000000
-0.048720 0.000000
-0.048620 0.000000
-0.048520 0.000000
-0.048420 0.000000
-0.048320 0.000000
-0.048220 0.000000
-0.048120 0.000000
-0.048020 0.000000
-0.047920 0.000000
-0.047820 0.000000
-0.047720 0.000000
-0.047620 0.000000
-0.047520 0.000000
-0.047420 0.000000
-0.047320 0.000000
-0.047220 0.000000
-0.047120 0.000000
-0.047020 0.000000
-0.046920 0.000000
-0.046820 0.000000
-0.046720 0.000000
-0.046620 0.000000
-0.046520 0.000000
-0.046420 0.000000
-0.046320 0.000000
-0.046220 0.000000
-0.046120 0.000000
-0.046020 0.000000
-0.045920 0.000000
-0.045820 0.000000
-0.045720 0.000000
-0.045620 0.000000
-0.045520 0.000000
-0.045420 0.000000
-0.045320 0.000000
-0.045220 0.000000
-0.045120 0.000000
-0.045020 0.000000
-0.044920 0.000000
-0.044820 0.000000
-0.044720 0.000000
-0.044620 0.000000
-0.044520 0.000000
-0.044420 0.000000
-0.044320 0.000000
-0.044220 0.000000
-0.044120 0.000000
-0.044020 0.000000
-0.043920 0.000000
-0.043820 0.000000
-0.043720 0.000000
-0.043620 0.000000
-0.043520 0.000000
-0.043420 0.000000
-0.043320 0.000000
-0.043220 0.000000
-0.043120 0.000000
-0.043020 0.000000
-0.042920 0.000000
-0.042820 0.000000
-0.042720 0.000000
-0.042620 0.000000
-0.042520 0.000000
-0.042420 0.000000
-0.042320 0.000000
-0.042220 0.000000
-0.042120 0.000000
-0.042020 0.000000
-0.041920 0.000000
-0.041820 0.000000
-0.041720 0.000000
-0.041620 0.000000
-0.041520 0.000000
-0.041420 0.000000
-0.041320 0.000000
-0.041220 0.000000
-0.041120 0.000000
-0.041020 0.000000
-0.040920 0.000000
-0.040820 0.000000
-0.040720 0.000000
-0.040620 0.000000
-0.040520 0.000000
-0.040420 0.000000
-0.040320 0.000000
-0.040220 0.000000
-0.040120 0.000000
-0.040020 0.000000
-0.039920 0.000000
-0.039820 0.000000
-0.039720 0.000000
-0.039620 0.000000
-0.039520 0.000000
-0.039420 0.000000
-0.039320 0.000000
-0.039220 0.000000
-0.039120 0.000000
-0.039020 0.000000
-0.038920 0.000000
-0.038820 0.000000
-0.038720 0.000000
-0.038620 0.000000
-0.038520 0.000000
-0.038420 0.000000
-0.038320 0.000000
-0.038220 0.000000
-0.038120 0.000000
-0.038020 0.000000
-0.037920 0.000000
-0.037820 0.000000
-0.037720 0.000000
-0.037620 0.000000
-0.037520 0.000000
-0.037420 0.000000
-0.037320 0.000000
-0.037220 0.000000
-0.037120 0.000000
-0.037020 0.000000
-0.036920 0.000000
-0.036820 0.000000
-0.036720 0.000000
-0.036620 0.000000
-0.036520 0.000000
-0.036420 0.000000
-0.036320 0.000000
-0.036220 0.000000
-0.036120 0.000000
-0.036020 0.000000
-0.035920 0.000000
-0.035820 0.000000
-0.035720 0.000000
-0.035620 0.000000
-0.035520 0.000000
-0.035420 0.000000
-0.035320 0.000000
-0.035220 0.000000
-0.035120 0.000000
-0.035020 0.000000
-0.034920 0.000000
-0.034820 0.000000
-0.034720 0.000000
-0.034620 0.000000
-0.034520 0.000000
-0.034420 0.000000
-0.034320 0.000000
-0.034220 0.000000
-0.034120 0.000000
-0.034020 0.000000
-0.033920 0.000000
-0.033820 0.000000
-0.033720 0.000000
-0.033620 0.000000
-0.033520 0.000000
-0.033420 0.000000
-0.033320 0.000000
-0.033220 0.000000
-0.033120 0.000000
-0.033020 0.000000
-0.032920 0.000000
-0.032820 0.000000
-0.032720 0.000000
-0.032620 0.000000
-0.032520 0.000000
-0.032420 0.000000
-0.032320 0.000000
-0.032220 0.000000
-0.032120 0.000000
-0.032020 0.000000
-0.031920 0.000000
-0.031820 0.000000
-0.031720 0.000000
-0.031620 0.000000
-0.031520 0.000000
-0.031420 0.000000
-0.031320 0.000000
-0.031220 0.000000
-0.031120 0.000000
-0.031020 0.000000
-0.030920 0.000000
-0.030820 0.000000
-0.030720 0.000000
-0.030620 0.000000
-0.030520 0.000000
-0.030420 0.000000
-0.030320 0.000000
-0.030220 0.000000
-0.030120 0.000000
-0.030020 0.000000
-0.029920 0.000000
-0.029820 0.000000
-0.029720 0.000000
-0.029620 0.000000
-0.029520 0.000000
-0.029420 0.000000
-0.029320 0.000000
-0.029220 0.000000
-0.029120 0.000000
-0.029020 0.000000
-0.028920 0.000000
-0.028820 0.000000
-0.028720 0.000000
-0.028620 0.000000
-0.028520 0.000000
-0.028420 0.000000
-0.028320 0.000000
-0.028220 0.000000
-0.028120 0.000000
-0.028020 0.000000
-0.027920 0.000000
-0.027820 0.000000
-0.027720 0.000000
-0.027620 0.000000
-0.027520 0.000000
-0.027420 0.000000
-0.027320 0.000000
-0.027220 0.000000
-0.027120 0.000000
-0.027020 0.000000
-0.026920 0.000000
-0.026820 0.000000
-0.026720 0.000000
-0.026620 0.000000
-0.026520 0.000000
-0.026420 0.000000
-0.026320 0.000000
-0.026220 0.000000
-0.026120 0.000000
-0.026020 0.000000
-0.025920 0.000000
-0.025820 0.000000
-0.025720 0.000000
-0.025620 0.000000
-0.025520 0.000000
-0.025420 0.000000
-0.025320 0.000000
-0.025220 0.000000
-0.025120 0.000000
-0.025020 0.000000
-0.024920 0.000000
-0.024820 0.000000
-0.024720 0.000000
-0.024620 0.000000
-0.024520 0.000000
-0.024420 0.000000
-0.024320 0.000000
-0.024220 0.000000
-0.024120 0.000000
-0.024020 0.000000
-0.023920 0.000000
-0.023820 0.000000
-0.023720 0.000000
-0.023620 0.000000
-0.023520 0.000000
-0.023420 0.000000
-0.023320 0.000000
-0.023220 0.000000
-0.023120 0.000000
-0.023020 0.000000
-0.022920 0.000000
-0.022820 0.000000
-0.022720 0.000000
-0.022620 0.000000
-0.022520 0.000000
-0.022420 0.000000
-0.022320 0.000000
-0.022220 0.000000
-0.022120 0.000000
-0.022020 0.000000
-0.021920 0.000000
-0.021820 0.000000
-0.021720 0.000000
-0.021620 0.000000
-0.021520 0.000000
-0.021420 0.000000
-0.021320 0.000000
-0.021220 0.000000
-0.021120 0.000000
-0.021020 0.000000
-0.020920 0.000000
-0.020820 0.000000
-0.020720 0.000000
-0.020620 0.000000
-0.020520 0.000000
-0.020420 0.000000
-0.020320 0.000000
-0.020220 0.000000
-0.020120 0.000000
-0.020020 0.000000
-0.019920 0.000000
-0.019820 0.000000
-0.019720 0.000000
-0.019620 0.000000
-0.019520 0.000000
-0.019420 0.000000
-0.019320 0.000000
-0.019220 0.000000
-0.019120 0.000000
-0.019020 0.000000
-0.018920 0.000000
-0.018820 0.000000
-0.018720 0.000000
-0.018620 0.000000
-0.018520 0.000000
-0.018420 0.000000
-0.018320 0.000000
-0.018220 0.000000
-0.018120 0.000000
-0.018020 0.000000
-0.017920 0.000000
-0.017820 0.000000
-0.017720 0.000000
-0.017620 0.000000
-0.017520 0.000000
-0.017420 0.000000
-0.017320 0.000000
-0.017220 0.000000
-0.017120 0.000000
-0.017020 0.000000
-0.016920 0.000000
-0.016820 0.000000
-0.016720 0.000000
-0.016620 0.000000
-0.016520 0.000000
-0.016420 0.000000
-0.016320 0.000000
-0.016220 0.000000
-0.016120 0.000000
-0.016020 0.000000
-0.015920 0.000000
-0.015820 0.000000
-0.015720 0.000000
-0.015620 0.000000
-0.015520 0.000000
-0.015420 0.000000
-0.015320 0.000000
-0.015220 0.000000
-0.015120 0.000000
-0.015020 0.000000
-0.014920 0.000000
-0.014820 0.000000
-0.014720 0.000000
-0.014620 0.000000
-0.014520 0.000000
-0.014420 0.000000
-0.014320 0.000000
-0.014220 0.000000
-0.014120 0.000000
-0.014020 0.000000
-0.013920 0.000000
-0.013820 0.000000
-0.013720 0.000000
-0.013620 0.000000
-0.013520 0.000000
-0.013420 0.000000
-0.013320 0.000000
-0.013220 0.000000
-0.013120 0.000000
-0.013020 0.000000
-0.012920 0.000000
-0.012820 0.000000
-0.012720 0.000000
-0.012620 0.000000
-0.012520 0.000000
-0.012420 0.000000
-0.012320 0.000000
-0.012220 0.000000
-0.012120 0.000000
-0.012020 0.000000
-0.011920 0.000000
-0.011820 0.000000
-0.011720 0.000000
-0.011620 0.000000
-0.011520 0.000000
-0.011420 0.000000
-0.011320 0.000000
-0.011220 0.000000
-0.011120 0.000000
-0.011020 0.000000
-0.010920 0.000000
-0.010820 0.000000
-0.010720 0.000000
-0.010620 0.000000
-0.010520 0.000000
-0.010420 0.000000
-0.010320 0.000000
-0.010220 0.000000
-0.010120 0.000000
-0.010020 0.000000
-0.009920 0.000000
-0.009820 0.000000
-0.009720 0.000000
-0.009620 0.000000
-0.009520 0.000000
-0.009420 0.000000
-0.009320 0.000000
-0.009220 0.000000
-0.009120 0.000000
-0.009020 0.000000
-0.008920 0.000000
-0.008820 0.000000
-0.008720 0.000000
-0.008620 0.000000
-0.008520 0.000000
-0.008420 0.000000
-0.008320 0.000000
-0.008220 0.000000
-0.008120 0.000000
-0.008020 0.000000
-0.007920 0.000000
-0.007820 0.000000
-0.007720 0.000000
-0.007620 0.000000
-0.007520 0.000000
-0.007420 0.000000
-0.007320 0.000000
-0.007220 0.000000
-0.007120 0.000000
-0.007020 0.000000
-0.006920 0.000000
-0.006820 0.000000
-0.006720 0.000000
-0.006620 0.000000
-0.006520 0.000000
-0.006420 0.000000
-0.006320 0.000000
-0.006220 0.000000
-0.006120 0.000000
-0.006020 0.000000
-0.005920 0.000000
-0.005820 0.000000
-0.005720 0.000000
-0.005620 0.000000
-0.005520 0.000000
-0.005420 0.000000
-0.005320 0.000000
-0.005220 0.000000
-0.005120 0.000000
-0.005020 0.000000
-0.004920 0.000000
-0.004820 0.000000
-0.004720 0.000000
-0.004620 0.000000
-0.004520 0.000000
-0.004420 0.000000
-0.004320 0.000000
-0.004220 0.000000
-0.004120 0.000000
-0.004020 0.000000
-0.003920 0.000000
-0.003820 0.000000
-0.003720 0.000000
-0.003620 0.000000
-0.003520 0.000000
-0.003420 0.000000
-0.003320 0.000000
-0.003220 0.000000
-0.003120 0.000000
-0.003020 0.000000
-0.002920 0.000000
-0.002820 0.000000
-0.002720 0.000000
-0.002620 0.000000
-0.002520 0.000000
-0.002420 0.000000
-0.002320 0.000000
-0.002220 0.000000
-0.002120 0.000000
-0.002020 0.000000
-0.001920 0.000000
-0.001820 0.000000
-0.001720 0.000000
-0.001620 0.000000
-0.001520 0.000000
-0.001420 0.000000
-0.001320 0.000000
-0.001220 0.000000
-0.001120 0.000000
-0.001020 0.000000
-0.000920 0.000000
-0.000820 0.000000
-0.000720 0.000000
-0.000620 0.000000
-0.000520 0.000000
-0.000420 0.000000
-0.000320 0.000000
-0.000220 0.000000
-0.000120 0.000000
-0.000020 0.000000
0.000080 0.000000
0.000180 0.000000
0.000280 0.000000
0.000380 0.000000
0.000480 0.000000
0.000580 0.000000
0.000680 0.000000
0.000780 0.000000
0.000880 0.000000
0.000980 0.000000
0.001080 0.000000
0.001180 0.000000
0.001280 0.000000
0.001380 0.000000
0.001480 0.000000
0.001580 0.000000
0.001680 0.000000
0.001780 0.000000
0.001880 0.000000
0.001980 0.000000
0.002080 0.000000
0.002180 0.000000
0.002280 0.000000
0.002380 0.000000
0.002480 0.000000
0.002580 0.000000
0.002680 0.000000
0.002780 0.000000
0.002880 0.000000
0.002980 0.000000
0.003080 0.000000
0.003180 0.000000
0.003280 0.000000
0.003380 0.000000
0.003480 0.000000
0.003580 0.000000
0.003680 0.000000
0.003780 0.000000
0.003880 0.000000
0.003980 0.000000
0.004080 0.000000
0.004180 0.000000
0.004280 0.000000
0.004380 0.000000
0.004480 0.000000
0.004580 0.000000
0.004680 0.000000
0.004780 0.000000
0.004880 0.000000
0.004980 0.000000
0.005080 0.000000
0.005180 0.000000
0.005280 0.000000
0.005380 0.000000
0.005480 0.000000
0.005580 0.000000
0.005680 0.000000
0.005780 0.000000
0.005880 0.000000
0.005980 0.000000
0.006080 0.000000
0.006180 0.000000
0.006280 0.000000
0.006380 0.000000
0.006480 0.000000
0.006580 0.000000
0.006680 0.000000
0.006780 0.000000
0.006880 0.000000
0.006980 0.000000
0.007080 0.000000
0.007180 0.000000
0.007280 0.000000
0.007380 0.000000
0.007480 0.000000
0.007580 0.000000
0.007680 0.000000
0.007780 0.000000
0.007880 0.000000
0.007980 0.000000
0.008080 0.000000
0.008180 0.000000
0.008280 0.000000
0.008380 0.000000
0.008480 0.000000
0.008580 0.000000
0.008680 0.000000
0.008780 0.000000
0.008880 0.000000
0.008980 0.000000
0.009080 0.000000
0.009180 0.000000
0.009280 0.000000
0.009380 0.000000
0.009480 0.000000
0.009580 0.000000
0.009680 0.000000
0.009780 0.000000
0.009880 0.000000
0.009980 0.000000
0.010080 0.000000
0.010180 0.000000
0.010280 0.000000
0.010380 0.000000
0.010480 0.000000
0.010580 0.000000
0.010680 0.000000
0.010780 0.000000
0.010880 0.000000
0.010980 0.000000
0.011080 0.000000
0.011180 0.000000
0.011280 0.000000
0.011380 0.000000
0.011480 0.000000
0.011580 0.000000
0.011680 0.000000
0.011780 0.000000
0.011880 0.000000
0.011980 0.000000
0.012080 0.000000
0.012180 0.000000
0.012280 0.000000
0.012380 0.000000
0.012480 0.000000
0.012580 0.000000
0.012680 0.000000
0.012780 0.000000
0.012880 0.000000
0.012980 0.000000
0.013080 0.000000
0.013180 0.000000
0.013280 0.000000
0.013380 0.000000
0.013480 0.000000
0.013580 0.000000
0.013680 0.000000
0.013780 0.000000
0.013880 0.000000
0.013980 0.000000
0.014080 0.000000
0.014180 0.000000
0.014280 0.000000
0.014380 0.000000
0.014480 0.000000
0.014580 0.000000
0.014680 0.000000
0.014780 0.000000
0.014880 0.000000
0.014980 0.000000
0.015080 0.000000
0.015180 0.000000
0.015280 0.000000
0.015380 0.000000
0.015480 0.000000
0.015580 0.000000
0.015680 0.000000
0.015780 0.000000
0.015880 0.000000
0.015980 0.000000
0.016080 0.000000
0.016180 0.000000
0.016280 0.000000
0.016380 0.000000
0.016480 0.000000
0.016580 0.000000
0.016680 0.000000
0.016780 0.000000
0.016880 0.000000
0.016980 0.000000
0.017080 0.000000
0.017180 0.000000
0.017280 0.000000
0.017380 0.000000
0.017480 0.000000
0.017580 0.000000
0.017680 0.000000
0.017780 0.000000
0.017880 0.000000
0.017980 0.000000
0.018080 0.000000
0.018180 0.000000
0.018280 0.000000
0.018380 0.000000
0.018480 0.000000
0.018580 0.000000
0.018680 0.000000
0.018780 0.000000
0.018880 0.000000
0.018980 0.000000
0.019080 0.000000
0.019180 0.000000
0.019280 0.000000
0.019380 0.000000
0.019480 0.000000
0.019580 0.000000
0.019680 0.000000
0.019780 0.000000
0.019880 0.000000
0.019980 0.000000
0.020080 0.000000
0.020180 0.000000
0.020280 0.000000
0.020380 0.000000
0.020480 0.000000
0.020580 0.000000
0.020680 0.000000
0.020780 0.000000
0.020880 0.000000
0.020980 0.000000
0.021080 0.000000
0.021180 0.000000
0.021280 0.000000
0.021380 0.000000
0.021480 0.000000
0.021580 0.000001
0.021680 0.000001
0.021780 0.000001
0.021880 0.000002
0.021980 0.000003
0.022080 0.000004
0.022180 0.000006
0.022280 0.000008
0.022380 0.000012
0.022480 0.000017
0.022580 0.000024
0.022680 0.000034
0.022780 0.000048
0.022880 0.000067
0.022980 0.000094
0.023080 0.000130
0.023180 0.000178
0.023280 0.000244
0.023380 0.000332
0.023480 0.000450
0.023580 0.000607
0.023680 0.000815
0.023780 0.001088
0.023880 0.001446
0.023980 0.001911
0.024080 0.002513
0.024180 0.003289
0.024280 0.004283
0.024380 0.005549
0.024480 0.007154
0.024580 0.009177
0.024680 0.011713
0.024780 0.014876
0.024880 0.018799
0.024980 0.023637
0.025080 0.029572
0.025180 0.036813
0.025280 0.045599
0.025380 0.056199
0.025480 0.068918
0.025580 0.084095
0.025680 0.102101
0.025780 0.123345
0.025880 0.148266
0.025980 0.177334
0.026080 0.211042
0.026180 0.249904
0.026280 0.294447
0.026380 0.345199
0.026480 0.402681
0.026580 0.467391
0.026680 0.539795
0.026780 0.620305
0.026880 0.709269
0.026980 0.806946
0.027080 0.913496
0.027180 1.028958
0.027280 1.153232
0.027380 1.286070
0.027480 1.427056
0.027580 1.575600
0.027680 1.730930
0.027780 1.892088
0.027880 2.057936
0.027980 2.227157
0.028080 2.398272
0.028180 2.569653
0.028280 2.739549
0.028380 2.906111
0.028480 3.067424
0.028580 3.221544
0.028680 3.366532
0.028780 3.500499
0.028880 3.621643
0.028980 3.728293
0.029080 3.818940
0.029180 3.892281
0.029280 3.947244
0.029380 3.983019
0.029480 3.999073
0.029580 3.995166
0.029680 3.971355
0.029780 3.927998
0.029880 3.865737
0.029980 3.785488
0.030080 3.688417
0.030180 3.575910
0.030280 3.449544
0.030380 3.311047
0.030480 3.162260
0.030580 3.005096
0.030680 2.841499
0.030780 2.673409
0.030880 2.502717
0.030980 2.331237
0.031080 2.160677
0.031180 1.992608
0.031280 1.828446
0.031380 1.669441
0.031480 1.516661
0.031580 1.370991
0.031680 1.233131
0.031780 1.103601
0.031880 0.982752
0.031980 0.870771
0.032080 0.767702
0.032180 0.673457
0.032280 0.587835
0.032380 0.510540
0.032480 0.441197
0.032580 0.379371
0.032680 0.324581
0.032780 0.276320
0.032880 0.234061
0.032980 0.197276
0.033080 0.165443
0.033180 0.138054
0.033280 0.114626
0.033380 0.094698
0.033480 0.077845
