    0 0 0
    0 0 0
    0 0 0
    0 0 0
    0 0 0
    0.99656944    0.00001489   -0.00000000
   -0.00001481    1.00179538   -0.00000029
    0.00000002    0.00000029    1.00179538
   -0.00477242    0.00000003    0.00000000
    0.00000006    0.00115419   -0.00000003
    0.00000003    0.00000003    0.00115419
    0.00649715   -0.00000007   -0.00000000
   -0.00000007   -0.00341406    0.00000003
   -0.00000003   -0.00000004   -0.00341406
    0.00218667   -0.00000000    0.00000000
   -0.00000003   -0.00112856    0.00000004
   -0.00000002   -0.00000004   -0.00112856
    0 0 0
    0 0 0
    0 0 0
    0 0 0
    0 0 0
    0 0 0
    0 0 0
    0 0 0
    0 0 0
    0 0 0
   -0.00000001    0.00031593   -0.00000001
    0 0 0
    0.00000000   -0.00008157    0.00000000
   -0.00000001   -0.00000001   -0.00019981
   -0.00025289   -0.00000000   -0.00000000
    0.00000001   -0.00000000    0.00025796
    0.00032648    0.00000001   -0.00000000
